Aarav_V 98 95 92 98 94 91 96 90 92 95
Ishani_K 92 35 38 85 88 90 42 75 82 80
Rohan_S 88 45 38 65 62 70 41 55 68 60
Sanya_M 98 95 94 92 96 93 97 91 94 92
Kabir_D 72 65 62 68 70 64 61 63 65 60
Meera_J 85 82 85 88 84 86 83 85 87 84
Arjun_P 60 42 35 88 92 45 40 70 75 72
Ananya_R 91 78 82 80 85 77 84 79 81 83
Yash_G 74 55 58 62 60 65 59 61 63 58
Kritika_B 89 88 90 92 89 91 87 93 90 88
Vivaan_A 93 94 92 96 95 93 94 95 92 91
Tanya_S 76 68 72 70 74 69 71 73 70 72
Dev_M 82 85 87 84 86 83 85 82 84 80
Kiara_N 96 91 94 92 93 95 90 94 91 93
Aryan_L 70 38 42 55 60 45 35 50 52 48
Zoya_W 94 82 85 88 84 86 83 85 87 84
Pranav_C 87 75 72 78 74 76 73 75 74 70
Riya_Z 90 89 91 87 88 90 86 88 89 87
Sahil_T 78 62 65 61 63 59 64 60 62 65
Neha_H 85 84 86 83 85 82 84 86 83 85
Bhavya_G 92 90 88 91 89 92 87 85 90 88
Manav_K 40 45 42 40 38 41 35 44 40 38
Siya_T 95 92 94 90 93 91 92 95 94 92
Daksh_R 75 72 70 74 69 71 73 75 72 70
Esha_P 88 85 87 84 86 83 85 82 84 86
Faisal_M 65 55 58 60 62 59 61 63 60 62
Gia_V 93 91 92 94 90 93 91 92 93 91
Hrithik_S 79 62 65 61 63 59 64 60 62 65
Inaya_L 86 84 86 83 85 82 84 86 83 85
Jatin_D 81 78 80 82 79 81 77 79 80 78