Aryan_Kulkarni_301        95    88 92 85 90 82 88 92 85 90 82
Zain_Siddiqui_302         40    95 98 92 90 94 91 95 98 92 90
Tanish_Patel_303          82    25 30 22 28 35 20 25 30 22 28
Isha_Malhotra_304         65    75 78 72 80 76 75 78 72 80 76
Kabir_Mehta_305           91    92 90 94 88 95 91 92 90 94 88
Anaya_Reddy_306           38    85 88 82 90 84 85 88 82 90 84
Rishi_Iyer_307            74    55 58 52 60 56 55 58 52 60 56
Sanya_Malik_308           88    75 72 78 70 74 75 72 78 70 74
Arnav_Bose_309            42    22 35 28 32 38 30 35 28 32 38
Kiara_Shah_310            96    98 94 99 92 95 96 98 94 99 92
Dev_Chopra_311            77    45 42 48 40 44 45 42 48 40 44
Mehak_Gill_312            81    75 78 72 80 76 75 78 72 80 76
Vihaan_Roy_313            39    92 95 90 88 91 92 95 90 88 91
Priya_Nair_314            84    65 68 62 70 66 65 68 62 70 66
Advait_Pandey_315         41    25 20 28 22 18 25 20 28 22 18
Riya_Deshmukh_316         93    95 98 92 90 94 91 95 98 92 90
Samrat_Singh_317          55    45 48 42 40 44 45 48 42 40 44
Ishani_Gupta_318          82    85 82 88 80 84 85 82 88 80 84
Varun_Verma_319           35    92 90 94 88 91 92 90 94 88 91
Sara_Khan_320             88    82 85 80 88 84 82 85 80 88 84